0 0.319824 0.774524 0.083008 0.398243 
0 0.366211 0.765007 0.072266 0.385066 
0 0.511230 0.749634 0.049805 0.330893 
0 0.590820 0.718887 0.046875 0.319180 
0 0.613770 0.737189 0.034180 0.253294 
0 0.644531 0.773060 0.019531 0.137628 
0 0.655762 0.763543 0.014648 0.133236 
0 0.712402 0.677892 0.036133 0.272328 
0 0.729492 0.744510 0.011719 0.077599 
0 0.769043 0.654466 0.026367 0.234261 
0 0.769531 0.715227 0.013672 0.098097 
0 0.821777 0.595168 0.016602 0.165447 
0 0.838379 0.644217 0.014648 0.073206 
0 0.873535 0.632504 0.028320 0.216691 
0 0.864258 0.666911 0.005859 0.030747 
0 0.952148 0.628843 0.031250 0.162518 
0 0.964355 0.613470 0.034180 0.202050 
