0 0.939453 0.792969 0.068359 0.088542 
0 0.033203 0.804688 0.013672 0.033854 
0 0.056641 0.798828 0.007812 0.022135 
0 0.138672 0.802083 0.015625 0.028646 
0 0.234863 0.817057 0.014648 0.027344 
0 0.357910 0.791016 0.018555 0.050781 
0 0.404785 0.794271 0.020508 0.062500 
0 0.430176 0.715495 0.018555 0.011719 
0 0.483398 0.796224 0.027344 0.055990 
0 0.546387 0.792969 0.020508 0.036458 
0 0.589355 0.795573 0.028320 0.039062 
0 0.627930 0.788411 0.013672 0.040365 
0 0.650879 0.791667 0.012695 0.039062 
0 0.800781 0.790365 0.023438 0.046875 
