0 0.275879 0.649565 0.133789 0.193043 
0 0.017578 0.254783 0.011719 0.012174 
0 0.058105 0.239130 0.006836 0.012174 
0 0.131348 0.220870 0.008789 0.017391 
0 0.140625 0.219130 0.009766 0.013913 
0 0.205078 0.235652 0.011719 0.019130 
0 0.527344 0.389565 0.029297 0.080000 
0 0.612305 0.205217 0.007812 0.006957 
0 0.644043 0.213913 0.008789 0.013913 
0 0.677246 0.321739 0.022461 0.059130 
0 0.682129 0.215652 0.008789 0.017391 
0 0.774414 0.606957 0.101562 0.191304 
0 0.824219 0.386087 0.044922 0.073043 
0 0.819824 0.230435 0.008789 0.015652 
0 0.838867 0.208696 0.013672 0.027826 
0 0.877441 0.239130 0.010742 0.019130 
0 0.912598 0.246957 0.010742 0.020870 
0 0.938477 0.450435 0.037109 0.027826 
0 0.950195 0.248696 0.013672 0.020870 
0 0.995605 0.249565 0.006836 0.022609 
