0 0.010742 0.540365 0.013672 0.013021 
0 0.044922 0.535156 0.015625 0.020833 
0 0.066895 0.531901 0.006836 0.016927 
0 0.088379 0.531901 0.008789 0.014323 
0 0.177246 0.576172 0.008789 0.022135 
0 0.193848 0.570964 0.010742 0.019531 
0 0.208984 0.520182 0.007812 0.011719 
0 0.217285 0.518229 0.006836 0.007812 
0 0.257324 0.514323 0.008789 0.010417 
0 0.287598 0.510417 0.006836 0.010417 
0 0.918457 0.630859 0.008789 0.019531 
0 0.939941 0.654297 0.004883 0.027344 
0 0.949707 0.662109 0.012695 0.035156 
