0 0.431152 0.645182 0.063477 0.095052 
0 0.497559 0.659505 0.059570 0.029948 
0 0.660156 0.651693 0.082031 0.108073 
0 0.706543 0.634115 0.061523 0.091146 
0 0.770508 0.591797 0.019531 0.022135 
0 0.844727 0.572266 0.017578 0.029948 
0 0.865723 0.564453 0.012695 0.027344 
0 0.883789 0.557292 0.007812 0.020833 
0 0.898926 0.546875 0.008789 0.026042 
0 0.909668 0.544271 0.004883 0.020833 
0 0.940918 0.532552 0.004883 0.013021 
0 0.950195 0.528646 0.003906 0.010417 
0 0.989746 0.517578 0.004883 0.009115 
