0 0.048340 0.818637 0.038086 0.118236 
0 0.139648 0.809619 0.039062 0.128257 
0 0.168945 0.696393 0.074219 0.170341 
0 0.163574 0.817635 0.022461 0.064128 
0 0.168945 0.813627 0.015625 0.072144 
0 0.252441 0.785571 0.047852 0.132265 
0 0.327148 0.828657 0.009766 0.034068 
0 0.360840 0.833667 0.053711 0.092184 
0 0.473633 0.818637 0.058594 0.118236 
0 0.612305 0.799599 0.056641 0.132265 
0 0.686523 0.805611 0.041016 0.068136 
0 0.689941 0.783567 0.047852 0.080160 
0 0.772949 0.795591 0.053711 0.092184 
0 0.945801 0.773547 0.043945 0.100200 
0 0.985352 0.752505 0.013672 0.030060 
