0 0.015625 0.074707 0.019531 0.012695 
0 0.063477 0.076660 0.023438 0.024414 
0 0.096680 0.083496 0.015625 0.014648 
0 0.132812 0.078125 0.027344 0.025391 
0 0.220215 0.085938 0.022461 0.019531 
0 0.286133 0.089355 0.025391 0.018555 
0 0.360840 0.094238 0.024414 0.026367 
0 0.396973 0.061035 0.024414 0.034180 
0 0.410156 0.104492 0.033203 0.015625 
0 0.568848 0.112793 0.038086 0.034180 
0 0.645508 0.125000 0.037109 0.019531 
0 0.709473 0.119629 0.034180 0.036133 
0 0.820312 0.127441 0.021484 0.020508 
0 0.860840 0.148438 0.043945 0.015625 
0 0.924805 0.455078 0.146484 0.046875 
0 0.957520 0.139648 0.034180 0.039062 
