0 0.089844 0.968750 0.019531 0.059896 
0 0.111816 0.828125 0.028320 0.049479 
0 0.147949 0.852865 0.024414 0.036458 
0 0.147461 0.860677 0.011719 0.036458 
0 0.165527 0.861979 0.012695 0.015625 
0 0.172852 0.861979 0.009766 0.015625 
0 0.176270 0.831380 0.010742 0.037760 
0 0.189453 0.828776 0.031250 0.042969 
0 0.221191 0.832682 0.034180 0.045573 
0 0.236816 0.831380 0.020508 0.045573 
0 0.273438 0.831380 0.035156 0.050781 
0 0.640625 0.837240 0.201172 0.067708 
0 0.701660 0.850911 0.038086 0.063802 
0 0.753906 0.839193 0.035156 0.032552 
