0 0.039062 0.449339 0.035156 0.038179 
0 0.121582 0.436858 0.030273 0.045521 
0 0.217285 0.363436 0.014648 0.024963 
0 0.279785 0.595448 0.036133 0.177680 
0 0.414551 0.754772 0.184570 0.337739 
0 0.365723 0.582232 0.047852 0.171806 
0 0.440430 0.617474 0.062500 0.227606 
0 0.520508 0.078561 0.021484 0.024963 
0 0.550781 0.077827 0.015625 0.026432 
0 0.607422 0.263583 0.015625 0.030837 
0 0.632324 0.253304 0.008789 0.022026 
0 0.745605 0.754038 0.235352 0.342144 
0 0.658203 0.345815 0.025391 0.033774 
0 0.688965 0.342878 0.026367 0.042584 
0 0.723145 0.374449 0.041992 0.058737 
0 0.783691 0.371512 0.020508 0.064611 
