0 0.040527 0.823699 0.055664 0.124277 
0 0.066406 0.805636 0.013672 0.093931 
0 0.312500 0.765173 0.025391 0.085260 
0 0.332031 0.755058 0.015625 0.070809 
0 0.354492 0.775289 0.019531 0.096821 
0 0.384766 0.793353 0.025391 0.104046 
0 0.421875 0.720376 0.048828 0.059249 
0 0.419434 0.719653 0.038086 0.057803 
0 0.425781 0.778902 0.009766 0.072254 
0 0.493652 0.774566 0.010742 0.078035 
0 0.494629 0.735549 0.004883 0.049133 
0 0.524902 0.733382 0.008789 0.062139 
0 0.541992 0.772399 0.015625 0.082370 
0 0.550781 0.742052 0.011719 0.062139 
0 0.580078 0.768786 0.019531 0.080925 
0 0.717285 0.718931 0.008789 0.059249 
0 0.750977 0.816474 0.072266 0.112717 
0 0.732910 0.716763 0.014648 0.069364 
0 0.791504 0.840318 0.083008 0.137283 
0 0.819824 0.860549 0.084961 0.137283 
0 0.858887 0.791908 0.069336 0.106936 
0 0.916504 0.813584 0.081055 0.132948 
0 0.949219 0.830925 0.085938 0.124277 
