0 0.521484 0.934994 0.093750 0.100851 
0 0.016113 0.910693 0.032227 0.069259 
0 0.053711 0.479344 0.107422 0.217497 
0 0.053711 0.931349 0.064453 0.086270 
0 0.179199 0.537667 0.204102 0.236938 
0 0.191895 0.937424 0.059570 0.113001 
0 0.286133 0.902795 0.017578 0.058323 
0 0.350098 0.909478 0.034180 0.066829 
0 0.392090 0.930134 0.067383 0.078979 
0 0.558594 0.564399 0.203125 0.358445 
0 0.648438 0.162819 0.058594 0.017011 
0 0.628906 0.904010 0.017578 0.058323 
0 0.681641 0.910085 0.031250 0.063183 
0 0.721191 0.928311 0.067383 0.075334 
0 0.853027 0.938639 0.065430 0.120292 
0 0.953125 0.904010 0.019531 0.058323 
