0 0.022461 0.656618 0.037109 0.113235 
0 0.023438 0.623529 0.037109 0.102941 
0 0.035645 0.491176 0.041992 0.061765 
0 0.079590 0.494118 0.032227 0.055882 
0 0.111816 0.516912 0.051758 0.072059 
0 0.137695 0.496324 0.031250 0.051471 
0 0.180664 0.505147 0.033203 0.057353 
0 0.236328 0.690441 0.130859 0.213235 
0 0.218750 0.613971 0.074219 0.101471 
0 0.307129 0.724265 0.137695 0.210294 
0 0.341797 0.769853 0.154297 0.263235 
0 0.439941 0.652206 0.122070 0.160294 
0 0.487793 0.677206 0.125977 0.204412 
0 0.578613 0.678676 0.133789 0.227941 
0 0.772461 0.754412 0.158203 0.217647 
0 0.954102 0.819853 0.089844 0.277941 
