0 0.078613 0.561198 0.020508 0.018229 
0 0.117188 0.556641 0.021484 0.022135 
0 0.177246 0.548828 0.008789 0.016927 
0 0.184570 0.553385 0.013672 0.020833 
0 0.511230 0.516927 0.010742 0.023438 
0 0.520508 0.524089 0.015625 0.016927 
0 0.528809 0.535156 0.012695 0.018229 
0 0.543945 0.533203 0.013672 0.022135 
0 0.552246 0.526693 0.012695 0.009115 
0 0.558594 0.535807 0.011719 0.019531 
0 0.724121 0.485026 0.008789 0.003906 
0 0.755371 0.486328 0.004883 0.006510 
0 0.771484 0.486979 0.003906 0.005208 
0 0.785156 0.487630 0.003906 0.006510 
0 0.795410 0.600911 0.012695 0.014323 
0 0.797363 0.486979 0.006836 0.005208 
0 0.812500 0.486328 0.005859 0.006510 
0 0.829590 0.485026 0.004883 0.003906 
0 0.840820 0.602214 0.009766 0.009115 
0 0.845215 0.482422 0.004883 0.006510 
