0 0.557617 0.779649 0.140625 0.256223 
0 0.161621 0.740849 0.077148 0.067350 
0 0.310547 0.217423 0.033203 0.016105 
0 0.316406 0.366764 0.035156 0.027818 
0 0.375977 0.199854 0.039062 0.062958 
0 0.456055 0.139092 0.017578 0.035139 
0 0.670410 0.138360 0.010742 0.010249 
0 0.692383 0.113470 0.005859 0.013177 
0 0.717285 0.122255 0.010742 0.019034 
0 0.870605 0.571742 0.079102 0.203514 
0 0.863770 0.253294 0.038086 0.079063 
0 0.964355 0.144949 0.010742 0.023426 
0 0.983398 0.288433 0.031250 0.040996 
