0 0.553223 0.774089 0.108398 0.074219 
0 0.002441 0.546875 0.002930 0.015625 
0 0.027832 0.547526 0.008789 0.014323 
0 0.058105 0.549479 0.010742 0.010417 
0 0.082031 0.533203 0.007812 0.009115 
0 0.113770 0.546875 0.010742 0.015625 
0 0.142090 0.548177 0.008789 0.015625 
0 0.171875 0.550781 0.005859 0.007812 
0 0.195801 0.545573 0.010742 0.018229 
0 0.221191 0.551432 0.006836 0.011719 
0 0.251953 0.546224 0.009766 0.016927 
0 0.274902 0.547526 0.010742 0.014323 
0 0.316406 0.544271 0.011719 0.020833 
0 0.337891 0.552734 0.009766 0.003906 
0 0.350098 0.546875 0.006836 0.015625 
0 0.376465 0.551432 0.008789 0.011719 
0 0.473633 0.750000 0.056641 0.075521 
0 0.579102 0.611328 0.039062 0.040365 
0 0.641602 0.557943 0.017578 0.016927 
0 0.661621 0.563802 0.014648 0.007812 
0 0.854492 0.574219 0.013672 0.026042 
