0 0.482422 0.791667 0.115234 0.184028 
0 0.047363 0.510417 0.012695 0.031250 
0 0.178223 0.537326 0.032227 0.046875 
0 0.252441 0.622396 0.061523 0.098958 
0 0.288086 0.388021 0.025391 0.019097 
0 0.312988 0.348958 0.057617 0.090278 
0 0.294922 0.405382 0.015625 0.015625 
0 0.295898 0.421007 0.009766 0.012153 
0 0.315918 0.427951 0.030273 0.019097 
0 0.314453 0.469618 0.011719 0.015625 
0 0.320312 0.447917 0.023438 0.020833 
0 0.326660 0.410590 0.012695 0.015625 
0 0.327637 0.400174 0.010742 0.008681 
0 0.339844 0.458333 0.013672 0.013889 
0 0.341309 0.441840 0.014648 0.015625 
0 0.349121 0.406250 0.026367 0.017361 
0 0.349609 0.423611 0.025391 0.017361 
0 0.352539 0.389757 0.019531 0.015625 
0 0.464844 0.575521 0.029297 0.019097 
0 0.530273 0.384549 0.058594 0.053819 
0 0.530273 0.484375 0.027344 0.145833 
0 0.577637 0.313368 0.104492 0.189236 
0 0.838379 0.375000 0.073242 0.041667 
0 0.888672 0.770833 0.037109 0.156250 
0 0.985352 0.296875 0.025391 0.180556 
