0 0.121582 0.904832 0.016602 0.087848 
0 0.177734 0.878477 0.025391 0.087848 
0 0.205566 0.869693 0.012695 0.049780 
0 0.235352 0.856515 0.017578 0.043924 
0 0.292480 0.827233 0.014648 0.043924 
0 0.342773 0.804539 0.007812 0.036603 
0 0.441406 0.818448 0.009766 0.023426 
0 0.448242 0.802343 0.005859 0.029283 
0 0.499512 0.796486 0.010742 0.008785 
0 0.533691 0.787701 0.010742 0.029283 
0 0.585938 0.845534 0.021484 0.045388 
0 0.605469 0.855051 0.015625 0.049780 
0 0.662598 0.943631 0.020508 0.103953 
0 0.691895 0.963397 0.024414 0.070278 
