0 0.023926 0.061493 0.022461 0.046852 
0 0.069336 0.215227 0.046875 0.105417 
0 0.092773 0.450220 0.058594 0.200586 
0 0.089844 0.050512 0.007812 0.024890 
0 0.205566 0.251830 0.038086 0.067350 
0 0.204590 0.163250 0.034180 0.048316 
0 0.261230 0.069546 0.014648 0.030747 
0 0.341309 0.212299 0.081055 0.125915 
0 0.337402 0.064422 0.012695 0.046852 
0 0.364258 0.051977 0.009766 0.039531 
0 0.390625 0.279649 0.033203 0.032211 
0 0.423828 0.399707 0.064453 0.122987 
0 0.412598 0.064422 0.010742 0.032211 
0 0.490234 0.734993 0.152344 0.278184 
0 0.490234 0.063690 0.011719 0.042460 
0 0.503906 0.054905 0.009766 0.027818 
0 0.755371 0.311127 0.032227 0.092240 
0 0.816895 0.589312 0.149414 0.300146 
0 0.892578 0.503660 0.066406 0.190337 
