0 0.087402 0.924265 0.174805 0.148529 
0 0.166016 0.862500 0.117188 0.230882 
0 0.201660 0.894118 0.176758 0.208824 
0 0.349121 0.881618 0.157227 0.233824 
0 0.378418 0.787500 0.073242 0.154412 
0 0.493164 0.803676 0.033203 0.139706 
0 0.555176 0.541176 0.014648 0.029412 
0 0.577148 0.541912 0.007812 0.019118 
0 0.585938 0.825000 0.021484 0.023529 
0 0.590820 0.589706 0.025391 0.044118 
0 0.658691 0.779412 0.020508 0.032353 
0 0.910645 0.683824 0.014648 0.070588 
0 0.955078 0.647794 0.042969 0.075000 
0 0.968750 0.686765 0.060547 0.094118 
