0 0.594238 0.882161 0.069336 0.186198 
0 0.074707 0.619792 0.012695 0.054688 
0 0.084473 0.616536 0.018555 0.061198 
0 0.127441 0.615885 0.006836 0.049479 
0 0.216309 0.619141 0.012695 0.050781 
0 0.240234 0.606120 0.009766 0.048177 
0 0.272949 0.618490 0.008789 0.039062 
0 0.348633 0.717448 0.015625 0.067708 
0 0.375977 0.720052 0.019531 0.098958 
0 0.420898 0.619792 0.017578 0.062500 
0 0.439941 0.606771 0.010742 0.057292 
0 0.449219 0.603516 0.007812 0.050781 
0 0.527344 0.848307 0.060547 0.188802 
0 0.617188 0.597656 0.017578 0.028646 
0 0.749023 0.602865 0.023438 0.028646 
0 0.798828 0.610026 0.015625 0.037760 
0 0.986328 0.638672 0.023438 0.053385 
