0 0.536133 0.792094 0.179688 0.319180 
0 0.076660 0.580527 0.069336 0.206442 
0 0.159668 0.515373 0.112305 0.257687 
0 0.289551 0.236457 0.016602 0.021962 
0 0.368164 0.242313 0.009766 0.024890 
0 0.402344 0.238653 0.011719 0.026354 
0 0.464844 0.242313 0.011719 0.024890 
0 0.490723 0.242313 0.008789 0.024890 
0 0.880859 0.224012 0.011719 0.020498 
0 0.920898 0.229868 0.011719 0.014641 
0 0.954590 0.432650 0.069336 0.124451 
0 0.954102 0.223280 0.015625 0.021962 
0 0.991211 0.220351 0.009766 0.019034 
