0 0.023926 0.697657 0.047852 0.130307 
0 0.074707 0.728404 0.038086 0.118594 
0 0.129883 0.936310 0.023438 0.101025 
0 0.161621 0.987555 0.022461 0.021962 
0 0.218262 0.726940 0.041992 0.127379 
0 0.299316 0.841874 0.018555 0.087848 
0 0.391113 0.871889 0.088867 0.206442 
0 0.440918 0.816252 0.077148 0.174231 
0 0.505859 0.747438 0.066406 0.136164 
0 0.580566 0.875549 0.122070 0.166911 
0 0.765137 0.933382 0.139648 0.130307 
0 0.861328 0.860176 0.119141 0.183016 
0 0.856445 0.794290 0.089844 0.159590 
0 0.984375 0.844070 0.029297 0.153734 
