0 0.407227 0.783309 0.066406 0.146413 
0 0.003906 0.601025 0.007812 0.016105 
0 0.016602 0.604685 0.015625 0.008785 
0 0.020020 0.614202 0.014648 0.007321 
0 0.036621 0.614202 0.014648 0.007321 
0 0.039062 0.603221 0.019531 0.014641 
0 0.059082 0.603221 0.012695 0.014641 
0 0.092773 0.613470 0.019531 0.008785 
0 0.092773 0.599561 0.013672 0.010249 
0 0.113281 0.594436 0.015625 0.011713 
0 0.113770 0.612006 0.016602 0.008785 
0 0.136230 0.596633 0.020508 0.013177 
0 0.136719 0.611274 0.019531 0.013177 
0 0.189941 0.756223 0.083008 0.142020 
0 0.161133 0.595168 0.017578 0.007321 
0 0.161133 0.609078 0.017578 0.011713 
0 0.183105 0.597365 0.020508 0.011713 
0 0.183105 0.612738 0.020508 0.010249 
0 0.206543 0.609078 0.024414 0.011713 
0 0.208496 0.597365 0.026367 0.011713 
