0 0.017578 0.227520 0.035156 0.051771 
0 0.034180 0.225477 0.025391 0.047684 
0 0.115234 0.231608 0.035156 0.046322 
0 0.273438 0.264986 0.011719 0.053134 
0 0.289062 0.279292 0.023438 0.057221 
0 0.348633 0.289510 0.027344 0.036785 
0 0.427734 0.239101 0.042969 0.044959 
0 0.459961 0.233651 0.031250 0.055858 
0 0.516602 0.245913 0.031250 0.042234 
0 0.546875 0.243869 0.035156 0.051771 
0 0.621094 0.198910 0.035156 0.043597 
0 0.631348 0.190736 0.026367 0.038147 
0 0.690918 0.272480 0.040039 0.046322 
0 0.711914 0.261580 0.029297 0.049046 
0 0.782715 0.277929 0.034180 0.057221 
0 0.782715 0.162807 0.030273 0.036785 
0 0.787598 0.143052 0.020508 0.032698 
0 0.804688 0.134196 0.031250 0.036785 
0 0.803711 0.266349 0.023438 0.050409 
0 0.861816 0.193460 0.024414 0.049046 
0 0.980469 0.307902 0.009766 0.040872 
0 0.991699 0.309946 0.014648 0.036785 
