0 0.489746 0.790441 0.151367 0.322059 
0 0.200684 0.811765 0.149414 0.238235 
0 0.303223 0.874265 0.020508 0.030882 
0 0.326172 0.869853 0.015625 0.051471 
0 0.355469 0.870588 0.015625 0.038235 
0 0.416504 0.875735 0.049805 0.092647 
0 0.643066 0.805147 0.077148 0.216176 
0 0.692871 0.811029 0.038086 0.198529 
0 0.756836 0.849265 0.011719 0.045588 
0 0.767578 0.861029 0.009766 0.022059 
0 0.806641 0.850735 0.009766 0.039706 
0 0.817871 0.852206 0.008789 0.022059 
0 0.843262 0.835294 0.008789 0.029412 
0 0.849121 0.829412 0.004883 0.014706 
0 0.850586 0.805147 0.005859 0.016176 
0 0.880371 0.800735 0.014648 0.016176 
