0 0.076172 0.742839 0.091797 0.222656 
0 0.093262 0.460286 0.038086 0.045573 
0 0.100098 0.426432 0.030273 0.042969 
0 0.104004 0.466797 0.020508 0.050781 
0 0.150391 0.454427 0.031250 0.033854 
0 0.178711 0.471354 0.042969 0.054688 
0 0.258301 0.826823 0.188477 0.255208 
0 0.232422 0.490885 0.019531 0.026042 
0 0.347168 0.498047 0.022461 0.048177 
0 0.399902 0.680339 0.100586 0.144531 
0 0.387207 0.492839 0.026367 0.045573 
0 0.467773 0.467448 0.013672 0.018229 
0 0.557129 0.873047 0.184570 0.230469 
0 0.528809 0.645833 0.073242 0.132812 
0 0.901855 0.924479 0.055664 0.148438 
0 0.967773 0.665365 0.062500 0.122396 
