0 0.339844 0.608407 0.001953 0.022124 
0 0.348633 0.606195 0.003906 0.017699 
0 0.361816 0.609145 0.000977 0.017699 
0 0.371094 0.609882 0.007812 0.019174 
0 0.388672 0.609882 0.003906 0.019174 
0 0.553223 0.743363 0.010742 0.050147 
0 0.615234 0.751475 0.009766 0.042773 
0 0.637207 0.646755 0.036133 0.060472 
0 0.686035 0.685841 0.051758 0.073746 
0 0.689453 0.660767 0.033203 0.056047 
0 0.746094 0.697640 0.041016 0.088496 
0 0.771973 0.661504 0.028320 0.051622 
0 0.818359 0.816372 0.076172 0.160767 
0 0.981934 0.777286 0.034180 0.150442 
