0 0.046387 0.847716 0.061523 0.124365 
0 0.084473 0.519670 0.041992 0.029188 
0 0.172852 0.501904 0.041016 0.064721 
0 0.188477 0.800761 0.042969 0.116751 
0 0.283691 0.876904 0.086914 0.098985 
0 0.299316 0.482868 0.067383 0.036802 
0 0.374512 0.862944 0.071289 0.022843 
0 0.582520 0.843909 0.079102 0.215736 
0 0.662598 0.818528 0.077148 0.213198 
0 0.761230 0.779188 0.047852 0.126904 
0 0.812500 0.756345 0.068359 0.190355 
0 0.826172 0.655457 0.025391 0.039340 
0 0.871094 0.737310 0.056641 0.192893 
