0 0.053223 0.857422 0.088867 0.230469 
0 0.067871 0.538411 0.063477 0.095052 
0 0.278809 0.759766 0.127930 0.222656 
0 0.332520 0.514323 0.049805 0.117188 
0 0.388184 0.558594 0.069336 0.127604 
0 0.458496 0.526042 0.047852 0.111979 
0 0.503418 0.483724 0.026367 0.095052 
0 0.533203 0.473958 0.029297 0.080729 
0 0.597168 0.478516 0.022461 0.074219 
0 0.633789 0.525391 0.035156 0.118490 
0 0.675781 0.517578 0.031250 0.076823 
0 0.697266 0.468099 0.017578 0.053385 
0 0.731445 0.479167 0.017578 0.085938 
0 0.750977 0.475260 0.019531 0.059896 
0 0.783203 0.424479 0.023438 0.052083 
0 0.807617 0.435547 0.017578 0.045573 
