0 0.032715 0.765739 0.008789 0.020498 
0 0.056152 0.773060 0.010742 0.023426 
0 0.069824 0.776720 0.008789 0.016105 
0 0.096680 0.770864 0.013672 0.016105 
0 0.182617 0.768668 0.005859 0.032211 
0 0.227051 0.770132 0.016602 0.029283 
0 0.272949 0.778184 0.006836 0.019034 
0 0.319336 0.781113 0.013672 0.024890 
0 0.376953 0.785505 0.015625 0.027818 
0 0.438477 0.785505 0.017578 0.030747 
0 0.518066 0.795022 0.024414 0.038067 
0 0.604980 0.796486 0.024414 0.038067 
0 0.802734 0.807467 0.017578 0.045388 
0 0.848633 0.811127 0.019531 0.035139 
