0 0.058105 0.578125 0.024414 0.067708 
0 0.141602 0.558594 0.027344 0.059896 
0 0.195312 0.492839 0.007812 0.016927 
0 0.216797 0.492839 0.005859 0.016927 
0 0.349121 0.535807 0.008789 0.027344 
0 0.415527 0.548177 0.006836 0.010417 
0 0.474609 0.549479 0.005859 0.018229 
0 0.578125 0.524740 0.007812 0.028646 
0 0.595703 0.529948 0.009766 0.026042 
0 0.609375 0.541016 0.007812 0.022135 
0 0.625488 0.544271 0.008789 0.028646 
0 0.688477 0.554036 0.013672 0.022135 
0 0.725098 0.535807 0.010742 0.037760 
0 0.770020 0.582031 0.032227 0.070312 
0 0.845703 0.596354 0.029297 0.088542 
0 0.947266 0.645833 0.031250 0.067708 
