0 0.398438 0.914714 0.048828 0.128906 
0 0.044922 0.776693 0.033203 0.074219 
0 0.089844 0.808594 0.021484 0.026042 
0 0.148926 0.968750 0.057617 0.059896 
0 0.263672 0.951823 0.039062 0.005208 
0 0.451172 0.716797 0.019531 0.009115 
0 0.485840 0.902344 0.040039 0.104167 
0 0.508789 0.785807 0.019531 0.058594 
0 0.548340 0.712891 0.016602 0.040365 
0 0.573242 0.716146 0.005859 0.023438 
0 0.584961 0.800781 0.025391 0.070312 
0 0.609863 0.958333 0.012695 0.026042 
0 0.625488 0.947266 0.012695 0.029948 
0 0.667480 0.951823 0.006836 0.015625 
0 0.692871 0.951172 0.008789 0.027344 
0 0.701172 0.688151 0.021484 0.009115 
0 0.716309 0.942057 0.010742 0.016927 
0 0.725586 0.927734 0.009766 0.019531 
0 0.734863 0.798177 0.022461 0.065104 
0 0.757324 0.780599 0.010742 0.048177 
0 0.778320 0.738281 0.021484 0.044271 
0 0.798828 0.750000 0.009766 0.007812 
0 0.873535 0.732422 0.022461 0.050781 
