0 0.550293 0.511765 0.092773 0.126471 
0 0.057617 0.476471 0.023438 0.029412 
0 0.182129 0.488235 0.038086 0.067647 
0 0.227051 0.513971 0.055664 0.089706 
0 0.225586 0.456618 0.025391 0.027941 
0 0.307129 0.405882 0.047852 0.073529 
0 0.362793 0.408824 0.053711 0.082353 
0 0.358887 0.470588 0.043945 0.047059 
0 0.429199 0.488971 0.069336 0.092647 
0 0.432617 0.394118 0.064453 0.097059 
0 0.431641 0.389706 0.025391 0.050000 
0 0.507812 0.365441 0.052734 0.089706 
0 0.563965 0.359559 0.067383 0.104412 
0 0.556641 0.427941 0.019531 0.029412 
0 0.584473 0.429412 0.026367 0.029412 
0 0.614746 0.425735 0.022461 0.036765 
0 0.615723 0.300000 0.006836 0.020588 
0 0.700684 0.377941 0.149414 0.111765 
0 0.643066 0.305147 0.006836 0.019118 
0 0.718750 0.466176 0.037109 0.023529 
0 0.808105 0.409559 0.024414 0.042647 
0 0.861328 0.404412 0.027344 0.041176 
0 0.882324 0.388235 0.014648 0.026471 
0 0.888184 0.379412 0.014648 0.023529 
