0 0.056641 0.677206 0.062500 0.098529 
0 0.073730 0.641176 0.059570 0.126471 
0 0.106934 0.645588 0.045898 0.097059 
0 0.169434 0.621324 0.073242 0.104412 
0 0.217773 0.620588 0.017578 0.088235 
0 0.232422 0.622794 0.021484 0.083824 
0 0.272461 0.587500 0.058594 0.092647 
0 0.312988 0.567647 0.053711 0.100000 
0 0.352539 0.561765 0.025391 0.064706 
0 0.386719 0.554412 0.042969 0.067647 
0 0.427246 0.525000 0.036133 0.073529 
0 0.442871 0.527206 0.036133 0.066176 
0 0.463379 0.513971 0.038086 0.069118 
0 0.486328 0.510294 0.025391 0.055882 
0 0.501953 0.513235 0.019531 0.047059 
0 0.575684 0.650735 0.053711 0.142647 
0 0.644043 0.846324 0.061523 0.148529 
0 0.932617 0.840441 0.052734 0.145588 
