0 0.479492 0.901565 0.119141 0.165580 
0 0.215332 0.744459 0.209961 0.208605 
0 0.315918 0.667536 0.161133 0.177314 
0 0.455078 0.570404 0.103516 0.139505 
0 0.560547 0.699478 0.126953 0.176010 
0 0.579590 0.794654 0.125977 0.144720 
0 0.579590 0.479791 0.047852 0.086050 
0 0.666016 0.620600 0.115234 0.151239 
0 0.629883 0.516297 0.039062 0.067797 
0 0.707031 0.481747 0.041016 0.095176 
0 0.728516 0.529335 0.027344 0.104302 
0 0.770020 0.502608 0.055664 0.095176 
0 0.798340 0.474576 0.081055 0.101695 
0 0.859375 0.580183 0.054688 0.132986 
0 0.893066 0.543025 0.053711 0.102999 
0 0.897461 0.466102 0.062500 0.082138 
0 0.990723 0.514993 0.014648 0.083442 
