0 0.020508 0.153392 0.041016 0.041298 
0 0.057617 0.171091 0.115234 0.120944 
0 0.016113 0.103245 0.008789 0.020649 
0 0.038574 0.155605 0.036133 0.030973 
0 0.048340 0.177729 0.047852 0.042773 
0 0.056641 0.141593 0.023438 0.014749 
0 0.070801 0.214602 0.051758 0.069322 
0 0.075195 0.162979 0.025391 0.019174 
0 0.097656 0.269912 0.070312 0.117994 
0 0.092773 0.185103 0.039062 0.036873 
0 0.135254 0.220501 0.043945 0.054572 
0 0.170898 0.332596 0.097656 0.143068 
0 0.203125 0.270649 0.078125 0.089971 
0 0.289551 0.550147 0.149414 0.209440 
0 0.245605 0.128319 0.024414 0.023599 
0 0.324707 0.409292 0.129883 0.187316 
0 0.292969 0.143068 0.031250 0.026549 
0 0.404297 0.059735 0.005859 0.022124 
0 0.445801 0.176991 0.067383 0.026549 
0 0.502930 0.196165 0.056641 0.035398 
0 0.495605 0.062684 0.010742 0.036873 
0 0.508301 0.051622 0.008789 0.026549 
0 0.632324 0.833333 0.223633 0.330383 
0 0.534668 0.061209 0.012695 0.030973 
0 0.542480 0.056785 0.010742 0.036873 
0 0.635254 0.266962 0.084961 0.135693 
0 0.768555 0.056785 0.029297 0.025074 
0 0.781250 0.099558 0.025391 0.039823 
0 0.852539 0.047198 0.029297 0.029499 
0 0.871582 0.097345 0.032227 0.056047 
0 0.946777 0.426991 0.104492 0.234513 
