0 0.293457 0.734993 0.043945 0.029283 
0 0.393066 0.409956 0.038086 0.122987 
0 0.400879 0.426061 0.038086 0.125915 
0 0.420410 0.420205 0.036133 0.128843 
0 0.440918 0.429722 0.040039 0.124451 
0 0.442383 0.393851 0.035156 0.122987 
0 0.462891 0.430454 0.035156 0.125915 
0 0.471191 0.393119 0.034180 0.115666 
0 0.487305 0.711567 0.044922 0.131772 
0 0.484863 0.425329 0.034180 0.127379 
0 0.499512 0.434114 0.036133 0.127379 
0 0.518555 0.391654 0.031250 0.115666 
0 0.531250 0.423133 0.025391 0.128843 
0 0.563477 0.402635 0.031250 0.117130 
0 0.587402 0.413616 0.034180 0.101025 
0 0.595703 0.415081 0.027344 0.121523 
0 0.617188 0.679356 0.044922 0.111274 
0 0.635742 0.430454 0.029297 0.114202 
