0 0.864258 0.603221 0.154297 0.248902 
0 0.024414 0.575403 0.021484 0.029283 
0 0.053711 0.579063 0.023438 0.021962 
0 0.156738 0.683748 0.122070 0.172767 
0 0.110840 0.548316 0.018555 0.019034 
0 0.122559 0.483163 0.006836 0.008785 
0 0.129883 0.483895 0.003906 0.007321 
0 0.152832 0.568082 0.014648 0.026354 
0 0.155273 0.483163 0.003906 0.008785 
0 0.162598 0.477306 0.004883 0.005857 
0 0.173828 0.475110 0.007812 0.007321 
0 0.178711 0.568082 0.005859 0.014641 
0 0.189941 0.475110 0.002930 0.007321 
0 0.196777 0.473646 0.004883 0.004392 
0 0.291016 0.663982 0.167969 0.224012 
0 0.598145 0.431186 0.047852 0.062958 
0 0.680664 0.699122 0.150391 0.060029 
