0 0.801758 0.820964 0.109375 0.097656 
0 0.025879 0.718750 0.028320 0.018229 
0 0.063477 0.708984 0.025391 0.035156 
0 0.099121 0.712240 0.022461 0.023438 
0 0.128418 0.698568 0.022461 0.037760 
0 0.164551 0.704427 0.022461 0.013021 
0 0.211426 0.710286 0.010742 0.011719 
0 0.228516 0.702474 0.023438 0.037760 
0 0.262207 0.712240 0.018555 0.010417 
0 0.340820 0.748698 0.064453 0.083333 
0 0.442383 0.665365 0.021484 0.028646 
0 0.594238 0.761719 0.071289 0.091146 
0 0.925293 0.680990 0.008789 0.031250 
