0 0.170898 0.806003 0.111328 0.300146 
0 0.012695 0.587116 0.025391 0.143485 
0 0.015137 0.554905 0.030273 0.073206 
0 0.046875 0.545388 0.033203 0.089312 
0 0.071777 0.727672 0.083008 0.281113 
0 0.111328 0.591508 0.029297 0.067350 
0 0.207031 0.639824 0.052734 0.117130 
0 0.279785 0.639824 0.057617 0.210835 
0 0.286621 0.601025 0.049805 0.159590 
0 0.331055 0.570278 0.044922 0.136164 
0 0.413574 0.691069 0.100586 0.263543 
0 0.407715 0.592240 0.053711 0.168375 
0 0.594238 0.825037 0.219727 0.346999 
0 0.568359 0.735725 0.132812 0.303075 
0 0.865234 0.737921 0.185547 0.319180 
0 0.901855 0.868228 0.194336 0.260615 
0 0.852539 0.666911 0.087891 0.229868 
