0 0.032715 0.289714 0.012695 0.024740 
0 0.078613 0.286458 0.014648 0.020833 
0 0.126465 0.278646 0.010742 0.018229 
0 0.156250 0.274089 0.011719 0.022135 
0 0.205566 0.287760 0.010742 0.020833 
0 0.239746 0.285807 0.008789 0.019531 
0 0.270996 0.260417 0.008789 0.023438 
0 0.388672 0.770833 0.189453 0.229167 
0 0.314941 0.256510 0.016602 0.015625 
0 0.392090 0.254557 0.008789 0.019531 
0 0.415039 0.253906 0.011719 0.018229 
0 0.429688 0.243490 0.011719 0.013021 
0 0.446777 0.239583 0.010742 0.013021 
0 0.881836 0.605469 0.101562 0.161458 
