0 0.013184 0.146283 0.026367 0.095923 
0 0.015625 0.300959 0.031250 0.055156 
0 0.028320 0.396882 0.056641 0.127098 
0 0.071289 0.199041 0.050781 0.105516 
0 0.094238 0.311751 0.059570 0.086331 
0 0.143555 0.214628 0.035156 0.088729 
0 0.229980 0.252998 0.040039 0.117506 
0 0.270020 0.936451 0.061523 0.112710 
0 0.296387 0.664269 0.055664 0.153477 
0 0.293945 0.264988 0.021484 0.112710 
0 0.324707 0.327338 0.043945 0.107914 
0 0.344238 0.375300 0.026367 0.107914 
0 0.367188 0.341727 0.035156 0.035971 
0 0.373535 0.519185 0.043945 0.107914 
0 0.408203 0.899281 0.093750 0.187050 
0 0.411621 0.621103 0.053711 0.163070 
0 0.422852 0.321343 0.048828 0.105516 
0 0.435059 0.511990 0.038086 0.083933 
0 0.452148 0.267386 0.027344 0.074341 
0 0.456543 0.703837 0.032227 0.107914 
0 0.501953 0.649880 0.027344 0.095923 
0 0.523438 0.571942 0.056641 0.131894 
0 0.523438 0.231415 0.017578 0.055156 
0 0.553223 0.465228 0.051758 0.081535 
0 0.568848 0.350120 0.034180 0.095923 
0 0.613281 0.503597 0.025391 0.057554 
0 0.649414 0.347722 0.019531 0.062350 
0 0.700684 0.912470 0.100586 0.170264 
0 0.672852 0.440048 0.039062 0.093525 
