0 0.105469 0.628906 0.017578 0.031250 
0 0.131348 0.548177 0.010742 0.018229 
0 0.148926 0.552734 0.008789 0.014323 
0 0.206543 0.553385 0.018555 0.026042 
0 0.221191 0.515625 0.006836 0.020833 
0 0.235840 0.518880 0.008789 0.014323 
0 0.264160 0.522786 0.008789 0.006510 
0 0.280273 0.522135 0.009766 0.007812 
0 0.295410 0.512370 0.010742 0.022135 
0 0.315918 0.513672 0.010742 0.003906 
0 0.336426 0.513672 0.012695 0.011719 
0 0.367676 0.511068 0.010742 0.016927 
0 0.381348 0.513021 0.008789 0.018229 
0 0.396484 0.532552 0.013672 0.026042 
0 0.414551 0.529948 0.008789 0.020833 
0 0.565430 0.565755 0.017578 0.027344 
0 0.599609 0.576823 0.013672 0.023438 
0 0.747559 0.607422 0.020508 0.032552 
0 0.764648 0.508464 0.007812 0.009115 
0 0.794434 0.614583 0.020508 0.018229 
0 0.881836 0.634766 0.019531 0.042969 
0 0.974609 0.697266 0.035156 0.058594 
