0 0.284180 0.749132 0.048828 0.126736 
0 0.036133 0.500000 0.013672 0.034722 
0 0.059570 0.757812 0.042969 0.098958 
0 0.121094 0.446181 0.015625 0.027778 
0 0.187988 0.413194 0.006836 0.024306 
0 0.240723 0.414062 0.006836 0.022569 
0 0.261719 0.407986 0.005859 0.024306 
0 0.278320 0.590278 0.029297 0.013889 
0 0.349121 0.649306 0.022461 0.086806 
0 0.373047 0.594618 0.025391 0.064236 
0 0.378418 0.797743 0.026367 0.036458 
0 0.381836 0.593750 0.029297 0.059028 
0 0.397949 0.507812 0.008789 0.036458 
0 0.519531 0.776910 0.017578 0.088542 
0 0.574219 0.662326 0.011719 0.078125 
0 0.606934 0.785590 0.020508 0.088542 
0 0.753418 0.719618 0.094727 0.168403 
0 0.743164 0.486979 0.011719 0.029514 
0 0.774902 0.521701 0.012695 0.050347 
0 0.873535 0.789931 0.036133 0.121528 
0 0.873535 0.506076 0.010742 0.029514 
