0 0.604492 0.813802 0.115234 0.161458 
0 0.030762 0.837240 0.061523 0.166667 
0 0.176758 0.785807 0.082031 0.139323 
0 0.239746 0.677083 0.018555 0.054688 
0 0.272949 0.659505 0.028320 0.069010 
0 0.302246 0.716146 0.057617 0.111979 
0 0.384277 0.701823 0.041992 0.098958 
0 0.434570 0.710938 0.048828 0.026042 
0 0.458496 0.649740 0.045898 0.075521 
0 0.509766 0.662760 0.029297 0.083333 
0 0.617676 0.621094 0.036133 0.057292 
0 0.613770 0.594401 0.020508 0.048177 
0 0.688965 0.619141 0.040039 0.053385 
0 0.720215 0.593750 0.020508 0.052083 
0 0.750488 0.712240 0.036133 0.101562 
0 0.746094 0.591797 0.015625 0.035156 
0 0.794922 0.723307 0.033203 0.092448 
0 0.795410 0.763021 0.024414 0.070312 
0 0.833984 0.701823 0.013672 0.062500 
0 0.868164 0.741536 0.011719 0.105469 
0 0.882812 0.758464 0.019531 0.152344 
0 0.967773 0.644531 0.021484 0.065104 
0 0.991699 0.638672 0.014648 0.058594 
