0 0.018555 0.687012 0.037109 0.075195 
0 0.189941 0.646484 0.061523 0.093750 
0 0.221191 0.546875 0.075195 0.085938 
0 0.214844 0.613770 0.052734 0.083008 
0 0.270508 0.617676 0.056641 0.086914 
0 0.325684 0.586914 0.069336 0.078125 
0 0.429199 0.604004 0.024414 0.090820 
0 0.541504 0.601562 0.020508 0.087891 
0 0.565918 0.564941 0.016602 0.067383 
0 0.591797 0.571777 0.035156 0.075195 
0 0.657715 0.574219 0.020508 0.080078 
0 0.691895 0.545410 0.043945 0.071289 
0 0.760254 0.615723 0.081055 0.092773 
0 0.885254 0.633789 0.104492 0.095703 
