0 0.068359 0.720159 0.089844 0.257294 
0 0.192871 0.709549 0.040039 0.214854 
0 0.253418 0.746684 0.053711 0.273210 
0 0.499512 0.818302 0.006836 0.045093 
0 0.518555 0.832891 0.029297 0.079576 
0 0.613770 0.810345 0.016602 0.076923 
0 0.632324 0.831565 0.018555 0.082228 
0 0.693848 0.820955 0.010742 0.082228 
0 0.741211 0.838196 0.007812 0.090186 
0 0.770020 0.814324 0.010742 0.042440 
0 0.815918 0.798408 0.022461 0.068966 
0 0.865234 0.775862 0.011719 0.039788 
0 0.945312 0.692308 0.009766 0.090186 
