0 0.028809 0.828999 0.043945 0.076723 
0 0.044922 0.826398 0.042969 0.063719 
0 0.116211 0.834200 0.056641 0.068921 
0 0.116211 0.821196 0.033203 0.053316 
0 0.165527 0.823147 0.038086 0.065020 
0 0.234375 0.820546 0.054688 0.083225 
0 0.236328 0.812744 0.033203 0.062419 
0 0.317871 0.817295 0.059570 0.076723 
0 0.308105 0.807542 0.038086 0.067620 
0 0.362793 0.806242 0.018555 0.057217 
0 0.706543 0.786086 0.014648 0.053316 
0 0.733887 0.783485 0.018555 0.048114 
0 0.755371 0.782835 0.016602 0.039012 
0 0.769531 0.778283 0.021484 0.071521 
0 0.770508 0.776983 0.013672 0.055917 
0 0.794434 0.773732 0.010742 0.041612 
0 0.807617 0.770481 0.013672 0.050715 
0 0.821289 0.770481 0.011719 0.050715 
0 0.823730 0.771782 0.006836 0.037711 
0 0.844727 0.769831 0.009766 0.049415 
0 0.856934 0.768531 0.010742 0.052016 
0 0.899902 0.763329 0.030273 0.044213 
0 0.894531 0.767880 0.015625 0.053316 
0 0.893555 0.766580 0.005859 0.058518 
0 0.939941 0.760078 0.020508 0.058518 
0 0.944336 0.763979 0.013672 0.045514 
0 0.970215 0.761378 0.040039 0.048114 
0 0.961914 0.756827 0.001953 0.049415 
0 0.969727 0.757477 0.013672 0.071521 
