0 0.139974 0.344534 0.061198 0.045135 
0 0.132161 0.619860 0.019531 0.018054 
0 0.211589 0.652457 0.019531 0.019057 
0 0.268229 0.527583 0.026042 0.026078 
0 0.300781 0.382648 0.052083 0.043129 
0 0.339844 0.495988 0.039062 0.025075 
0 0.348307 0.348546 0.042969 0.025075 
0 0.378906 0.644433 0.026042 0.019057 
0 0.383464 0.819960 0.027344 0.029087 
0 0.415365 0.835005 0.026042 0.029087 
0 0.433594 0.672016 0.028646 0.024072 
0 0.489583 0.654965 0.023438 0.024072 
0 0.527995 0.532598 0.040365 0.028084 
0 0.606771 0.509529 0.039062 0.034102 
0 0.659505 0.631896 0.019531 0.022066 
0 0.756510 0.662989 0.036458 0.024072 
0 0.848307 0.535105 0.055990 0.041123 
0 0.891927 0.508024 0.039062 0.037111 
