0 0.024902 0.884334 0.028320 0.014641 
0 0.059082 0.861640 0.036133 0.060029 
0 0.099121 0.841874 0.022461 0.038067 
0 0.130371 0.844802 0.034180 0.032211 
0 0.211426 0.887262 0.022461 0.017570 
0 0.248535 0.808931 0.028320 0.142020 
0 0.275879 0.808199 0.018555 0.108346 
0 0.289062 0.806735 0.009766 0.090776 
0 0.296875 0.800146 0.013672 0.083455 
0 0.329102 0.766471 0.009766 0.013177 
0 0.367676 0.762811 0.008789 0.017570 
0 0.414062 0.759151 0.007812 0.013177 
0 0.449219 0.759151 0.005859 0.016105 
0 0.456543 0.761347 0.004883 0.014641 
