0 0.526367 0.792094 0.046875 0.149341 
0 0.042969 0.870425 0.039062 0.030747 
0 0.094727 0.618594 0.017578 0.045388 
0 0.126953 0.581259 0.017578 0.064422 
0 0.155273 0.651537 0.013672 0.067350 
0 0.169434 0.677892 0.010742 0.055637 
0 0.185547 0.717423 0.007812 0.070278 
0 0.204590 0.734993 0.030273 0.108346 
0 0.289062 0.808931 0.023438 0.144949 
0 0.360840 0.677892 0.018555 0.090776 
0 0.382812 0.932650 0.048828 0.131772 
0 0.364746 0.606881 0.004883 0.024890 
0 0.383789 0.615666 0.013672 0.065886 
0 0.415527 0.610542 0.006836 0.043924 
0 0.483887 0.986823 0.055664 0.023426 
0 0.492188 0.832357 0.027344 0.150805 
0 0.533691 0.548316 0.024414 0.027818 
0 0.542480 0.686676 0.014648 0.011713 
0 0.562988 0.932650 0.055664 0.131772 
0 0.767578 0.766471 0.060547 0.103953 
0 0.760742 0.678624 0.029297 0.062958 
0 0.775879 0.687408 0.024414 0.030747 
0 0.789062 0.821376 0.048828 0.131772 
0 0.937012 0.898243 0.041992 0.159590 
0 0.986328 0.807467 0.025391 0.083455 
