0 0.039551 0.939453 0.040039 0.058594 
0 0.187988 0.923828 0.038086 0.045573 
0 0.337891 0.923828 0.042969 0.058594 
0 0.504883 0.898438 0.039062 0.052083 
0 0.567871 0.867839 0.022461 0.029948 
0 0.720215 0.858073 0.018555 0.036458 
0 0.794434 0.864583 0.028320 0.023438 
0 0.813965 0.860026 0.014648 0.011719 
0 0.850586 0.847656 0.029297 0.044271 
0 0.879395 0.852214 0.024414 0.016927 
0 0.899414 0.847005 0.013672 0.011719 
0 0.935059 0.838542 0.024414 0.041667 
0 0.954102 0.835286 0.009766 0.016927 
