0 0.065430 0.222303 0.025391 0.065598 
0 0.092773 0.258017 0.027344 0.040816 
0 0.127441 0.316327 0.041992 0.087464 
0 0.187500 0.315598 0.050781 0.106414 
0 0.373535 0.340379 0.030273 0.068513 
0 0.468262 0.965743 0.065430 0.065598 
0 0.628906 0.293003 0.005859 0.026239 
0 0.704590 0.290087 0.022461 0.023324 
0 0.739746 0.275510 0.014648 0.029155 
0 0.764160 0.275510 0.024414 0.075802 
0 0.777832 0.280612 0.022461 0.077259 
0 0.810059 0.631924 0.063477 0.088921 
0 0.829590 0.427114 0.014648 0.017493 
0 0.954590 0.620262 0.045898 0.053936 
