0 0.708496 0.777126 0.051758 0.158358 
0 0.108887 0.733138 0.018555 0.085044 
0 0.195312 0.812317 0.019531 0.123167 
0 0.263184 0.792522 0.045898 0.127566 
0 0.315918 0.842375 0.026367 0.042522 
0 0.377930 0.803519 0.048828 0.137830 
0 0.449219 0.771994 0.046875 0.139296 
0 0.540039 0.795455 0.027344 0.133431 
0 0.599121 0.768328 0.010742 0.123167 
0 0.765625 0.779326 0.019531 0.039589 
0 0.863281 0.788123 0.031250 0.139296 
0 0.928711 0.778592 0.019531 0.032258 
0 0.954590 0.758798 0.018555 0.092375 
