0 0.086914 0.421525 0.035156 0.113602 
0 0.109863 0.487294 0.038086 0.044843 
0 0.255371 0.464126 0.045898 0.106129 
0 0.349121 0.441704 0.020508 0.073244 
0 0.363281 0.739910 0.048828 0.221226 
0 0.421875 0.686846 0.041016 0.192825 
0 0.481445 0.585949 0.029297 0.155456 
0 0.574219 0.451420 0.015625 0.071749 
0 0.607422 0.431988 0.021484 0.053812 
0 0.625000 0.377429 0.007812 0.040359 
0 0.644531 0.364723 0.005859 0.029895 
0 0.665527 0.356502 0.010742 0.031390 
0 0.679199 0.354260 0.008789 0.038864 
0 0.690918 0.354260 0.010742 0.026906 
0 0.704590 0.347534 0.008789 0.025411 
0 0.718262 0.346039 0.006836 0.028401 
0 0.732422 0.346039 0.011719 0.025411 
0 0.742188 0.342302 0.013672 0.029895 
0 0.825195 0.348281 0.005859 0.032885 
0 0.853516 0.354260 0.007812 0.038864 
