       0/9        4G   0.09464   0.04992         0    0.1446        16       640    0.2935    0.2882    0.1807   0.04653   0.07528   0.03778         0
       1/9     1.77G   0.07189   0.03916         0     0.111        38       640    0.4306    0.3948    0.3231    0.0962   0.06323   0.03214         0
       2/9     1.77G   0.06378   0.03631         0    0.1001        44       640    0.5505    0.4284    0.4153    0.1238   0.05955   0.03004         0
       3/9     1.77G   0.05577   0.03554         0   0.09131        20       640    0.7347    0.5268     0.589    0.2467     0.051   0.03014         0
       4/9     1.77G   0.04975    0.0332         0   0.08295        13       640    0.7882     0.537    0.6062    0.2811   0.04597   0.03018         0
       5/9     1.77G   0.04433   0.03201         0   0.07634        17       640    0.7966    0.5417    0.6059    0.2874   0.04452   0.02922         0
       6/9     1.77G   0.04105   0.03132         0   0.07237        24       640     0.789    0.5696    0.6223    0.2998   0.04349   0.02986         0
       7/9     1.77G   0.03964    0.0308         0   0.07044        16       640    0.7774    0.5879    0.6326    0.3189   0.04188   0.02934         0
       8/9     1.77G   0.03836   0.02993         0   0.06829        29       640    0.7776     0.561    0.6138    0.3109   0.04238   0.02965         0
       9/9     1.77G   0.03694   0.02845         0    0.0654        33       640     0.802    0.5773    0.6329    0.3208   0.04143   0.02938         0
